('D = ', [-0.03444999651784233, -0.01900844954455289, 0.005607175267864115, 0.003393613128760793, 0.0])
('K = ', [654.6784675373012, 0.0, 323.5134343466138, 0.0, 654.3793040067751, 270.1007909035443, 0.0, 0.0, 1.0])
('R = ', [1.0, 0.0, 0.0, 0.0, 1.0, 0.0, 0.0, 0.0, 1.0])
('P = ', [648.8040771484375, 0.0, 325.29164320175187, 0.0, 0.0, 649.9444580078125, 271.9725887046661, 0.0, 0.0, 0.0, 1.0, 0.0])
None
# oST version 5.0 parameters


[image]

width
640

height
480

[narrow_stereo]

camera matrix
654.678468 0.000000 323.513434
0.000000 654.379304 270.100791
0.000000 0.000000 1.000000

distortion
-0.034450 -0.019008 0.005607 0.003394 0.000000

rectification
1.000000 0.000000 0.000000
0.000000 1.000000 0.000000
0.000000 0.000000 1.000000

projection
648.804077 0.000000 325.291643 0.000000
0.000000 649.944458 271.972589 0.000000
0.000000 0.000000 1.000000 0.000000